Powering on from Beolink Passive via Beolink Converter, to RADIO:
STX 1 0 0 0 0 0 0 0 1 1 0 0 0 0 0 0 1 ETX
STX 1 0 1 1 1 0 1 1 1 1 0 0 0 0 0 1 0 1 0 0 1 0 0 0 1 0 0 0 1 1 0 0 0 0 1 0 0 1 1 0 ETX
STX 1 0 1 1 1 0 1 1 1 1 0 0 0 0 0 1 0 1 0 0 0 0 0 0 0 0 0 0 0 0 0 0 0 0 0 0 1 0 1 1 ETX
Powered off:
STX 1 0 0 0 0 0 0 0 1 0 0 0 0 1 1 0 0 ETX
STX 1 0 1 1 1 0 1 1 1 1 0 0 0 0 0 1 0 1 0 0 0 0 0 0 0 0 0 0 0 0 1 0 0 0 0 0 0 0 0 0 ETX


RADIO 10:
 1: STX 1 0 1 1 1 0 1 1 1 1 0 0 0 0 0 1 0 1 0 0 0 0 0 0 0 0 0 0 0 0 0 0 0 0 0 0 0 0 0 1 ETX
 2: STX 1 0 1 1 1 0 1 1 1 1 0 0 0 0 0 1 0 1 0 0 0 0 0 0 0 0 0 0 0 0 0 0 0 0 0 0 0 0 1 0 ETX
 3: STX 1 0 1 1 1 0 1 1 1 1 0 0 0 0 0 1 0 1 0 0 0 0 0 0 0 0 0 0 0 0 0 0 0 0 0 0 0 0 1 1 ETX
 5: STX 1 0 1 1 1 0 1 1 1 1 0 0 0 0 0 1 0 1 0 0 0 0 0 0 0 0 0 0 0 0 0 0 0 0 0 0 0 1 0 1 ETX
 6: STX 1 0 1 1 1 0 1 1 1 1 0 0 0 0 0 1 0 1 0 0 0 0 0 0 0 0 0 0 0 0 0 0 0 0 0 0 0 1 1 0 ETX
 7: STX 1 0 1 1 1 0 1 1 1 1 0 0 0 0 0 1 0 1 0 0 0 0 0 0 0 0 0 0 0 0 0 0 0 0 0 0 0 1 1 1 ETX
 8: STX 1 0 1 1 1 0 1 1 1 1 0 0 0 0 0 1 0 1 0 0 0 0 0 0 0 0 0 0 0 0 0 0 0 0 0 0 1 0 0 0 ETX
 9: STX 1 0 1 1 1 0 1 1 1 1 0 0 0 0 0 1 0 1 0 0 0 0 0 0 0 0 0 0 0 0 0 0 0 0 0 0 1 0 0 1 ETX
10: STX 1 0 1 1 1 0 1 1 1 1 0 0 0 0 0 1 0 1 0 0 0 0 0 0 0 0 0 0 0 0 0 0 0 0 0 0 1 0 1 0 ETX

A. TAPE, playing side 1, then stopping with failure:
STX 1 0 1 1 1 0 1 1 1 1 0 1 0 0 0 1 0 1 0 0 0 0 0 0 0 0 0 0 0 0 0 0 0 0 0 0 0 0 0 0 ETX
STX 1 0 1 1 1 0 1 1 1 1 0 1 0 0 0 1 0 1 0 0 0 0 0 0 0 0 1 1 0 0 0 0 0 0 0 0 0 0 0 0 ETX
Side 2:1
STX 1 0 1 1 1 0 1 1 1 1 0 1 0 0 0 1 0 1 0 0 0 0 0 0 0 0 0 1 0 0 0 0 0 0 0 0 0 0 0 0 ETX
STX 1 0 1 1 1 0 1 1 1 1 0 1 0 0 0 1 0 1 0 0 0 0 0 0 0 0 1 1 0 0 0 0 0 0 0 0 0 0 0 0 ETX
STX 1 0 1 1 1 0 1 1 1 1 0 1 0 0 0 1 0 1 0 0 0 0 0 0 0 0 0 1 0 0 0 0 0 0 0 0 0 0 0 0 ETX
STX 1 0 1 1 1 0 1 1 1 1 0 1 0 0 0 1 0 1 0 0 0 0 0 0 0 0 1 1 0 0 0 0 0 0 0 0 0 0 0 0 ETX

A. TAPE via Beolink:
# IR command
STX 1 0 0 0 0 0 0 0 1 1 0 0 1 0 0 0 1 ETX
# Some power-up initial state?
STX 1 0 1 1 1 0 1 1 1 1 0 1 0 0 0 1 0 1 0 0 1 0 0 0 1 0 0 0 1 1 0 0 0 0 1 0 0 1 1 0 ETX
# Playing
STX 1 0 1 1 1 0 1 1 1 1 0 1 0 0 0 1 0 1 0 0 0 0 0 0 0 0 0 0 0 0 0 0 0 0 0 0 0 0 0 0 ETX
# Failing to play
STX 1 0 1 1 1 0 1 1 1 1 0 1 0 0 0 1 0 1 0 0 0 0 0 0 0 0 1 1 0 0 0 0 0 0 0 0 0 0 0 0 ETX


From TV to CD via Beolink:
STX 1 0 0 0 0 0 0 0 0 0 0 0 0 1 1 0 0 ETX
STX 1 0 0 0 0 0 0 0 1 1 0 0 1 0 0 1 0 ETX
STX 1 0 1 1 1 0 1 1 1 1 0 1 0 0 1 0 0 1 0 0 0 0 0 0 0 0 0 0 0 0 0 0 0 0 0 0 0 0 0 0 ETX

From off to CD:
STX 1 0 0 0 0 0 0 0 1 1 0 0 1 0 0 1 0 ETX
STX 1 0 1 1 1 0 1 1 1 1 0 1 0 0 1 0 0 1 0 0 1 0 0 0 1 0 0 0 1 1 0 0 0 0 1 0 0 1 1 0 ETX
STX 1 0 1 1 1 0 1 1 1 1 0 1 0 0 1 0 0 1 0 0 0 0 0 0 0 0 0 0 0 0 0 0 0 0 0 0 0 0 0 0 ETX
